30.69
32.17
35.82
41.86
42.93
45.42
47.17
48.43
51.31
53.85
54.74
58.19
59.30
60.35
59.99
61.73
62.21
64.47
65.09
66.17
66.76
67.88
68.69
69.47
69.79
69.79
70.85
71.36
70.74
70.85
71.42
72.90
72.74
72.67
73.04
72.92
73.39
74.00
73.60
74.54
75.10
75.26
74.09
74.92
75.47
73.72
75.12
75.62
75.36
75.74
75.39
75.93
76.21
76.39
75.85
76.75
76.54
77.82
76.02
77.70
76.63
77.84
77.26
76.92
77.43
77.19
78.09
77.81
77.55
78.03
77.95
77.74
78.32
78.74
77.43
77.89
79.26
78.04
78.18
78.78
78.76
79.35
78.41
78.87
78.65
78.44
78.62
79.08
78.99
79.00
79.93
79.33
79.25
78.07