18.90
22.32
22.37
23.86
24.83
27.08
27.41
26.53
26.30
31.50
32.60
32.62
33.55
33.65
34.90
34.33
35.06
34.95
35.98
35.89
35.94
35.68
36.97
36.03
36.19
36.03
36.66
36.65
36.87
36.43
36.69
36.69
42.65
44.32
44.86
47.01
47.36
46.70
47.10
47.16
47.99
51.09
53.07
54.00
52.55
53.63
54.35
54.46
55.64
57.75
58.43
59.69
58.98
59.27
60.80
60.95
63.29
63.81
64.25
63.71
64.43
66.02
66.26
66.47
67.05
67.71
68.86
67.74
67.87
68.44
68.82
69.42
69.82
70.16
69.80
69.31
69.93
69.58
70.11
69.92
69.77
69.80
70.41
70.92
70.34
71.15
70.78
70.65
71.53
71.80
70.68
71.78
70.58
71.47
72.10
71.63
71.48
71.87
72.71
72.21
72.50
