60.16
62.08
62.72
63.43
63.96
64.36
65.09
64.83
66.46
66.45
67.15
66.77
68.01
67.70
67.49
68.46
68.76
68.50
69.19
69.15
69.47
70.07
70.90
70.58
70.64
71.18
71.11
70.84
71.08
71.94
71.48
71.74
72.77
72.69
72.18
72.46
72.20
72.42
72.60
72.28
72.89
72.90
72.40
72.84
73.16
73.71
73.42
73.88
73.43
73.81
73.98
73.63
73.76
74.53
73.92
73.86
73.43
74.52
74.30
75.01
75.04
75.23
74.65
75.12
74.66
74.90
74.47
75.23
74.76
74.51
75.13
75.24
74.77
75.36
75.98
75.55
75.36
76.17
75.41
76.12
75.58
75.24
75.66
75.51
75.22
75.83
74.84
76.16
75.63
76.52
75.48
76.38
76.13
76.25
75.79
76.04
76.27
75.61
76.61
75.96
76.46
75.83
76.86
76.94
76.39
77.31
76.73
77.24
77.07
77.50
77.03
76.03
77.72
76.44
76.94
76.65
77.34
77.10
76.16
76.29
77.20
76.73
76.66
77.07
76.53
77.39
77.40
77.35
77.25
77.32
77.47
77.77
77.33
77.38
76.86
