32.21
35.42
39.06
44.55
46.88
48.00
49.61
51.93
53.97
54.44
56.56
56.79
57.37
59.03
59.59
59.18
60.52
61.22
62.08
62.57
62.91
63.75
63.92
64.81
65.29
65.63
66.07
65.77
66.90
66.17
67.64
66.68
67.45
67.69
68.68
68.50
67.96
68.97
69.15
69.31
69.46
69.83
70.42
70.11
70.27
70.15
71.14
70.07
72.12
71.50
70.79
70.26
70.99
70.83
71.78
72.54
71.78
72.81
72.17
72.29
72.19
72.99
72.68
72.99
72.74
73.25
72.95
72.68
72.76
73.58
73.41
73.34
73.54
73.49
73.08
73.44
73.26
74.07
74.56
74.03
74.62
74.12
73.91
73.92
73.42
73.56
74.48
73.37
74.65
74.23
74.38
74.92
74.45
74.74
74.18
74.35
74.65
74.08
75.18
75.30
74.90
74.91
75.51
74.87
74.52
75.07
74.76
75.44
74.89
75.34
75.37
74.31
75.26
75.51
74.91
75.04
75.99
75.21
75.83
75.25
75.97
74.90
75.94
75.95
76.22
76.18
75.22
76.67
