34.14
35.78
37.75
41.54
43.10
47.53
49.94
51.32
53.53
54.33
56.28
58.30
60.40
61.46
61.93
62.95
63.52
63.82
64.36
64.86
65.39
66.28
66.64
67.11
67.01
67.73
68.99
68.61
68.78
69.60
69.34
70.08
70.17
70.54
70.46
70.32
71.01
70.91
70.95
71.58
71.86
71.67
72.45
72.45
71.85
72.93
72.55
73.50
73.25
73.48
72.85
73.33
73.86
74.26
73.67
73.77
74.34
74.36
74.39
74.47
75.13
74.92
74.97
74.85
74.27
75.34
75.21
75.42
75.43
75.60
75.70
75.84
75.94
76.48
76.30
76.50
76.21
76.52
76.50
76.98
76.91
76.97
77.36
76.85
77.58
77.30
77.51
77.23
77.44
77.41
77.51
77.75
78.14
78.12
78.41
78.03
77.98
78.09
78.41
78.69
